205255
3278
3151
3236
3295
3251
3496
3654
3706
3913
4038
4600
5300
5914
6313
6831
7035
7472
7035
6772
6826
7266
6964
7164
7093
6688
6398
6270
6010
5684
5104
4451
3905
3505
3164
2940
2709
2756
2915
2915
2853
2719
2561
2408
2269
2140
2186
2176
2206
1988
1953
1949
1970
1912
1847
1702
1751
1601
1602
1601
1529
1552
1529
1489
1470
1489
1423
1452
1417
1405
1480
1449
1392
1340
1312
1366
1353
1386
1248
1315
1352
1297
1221
1272
1185
1186
1199
1113
1118
1121
1138
1088
1088
1056
1054
1065
1084
955
1003
915
944
949
918
876
916
914
833
776
762
752
690
672
668
631
570
610
577
528
530
481
513
460
462
449
379
368
386
364
369
373
372
399
364
341
336
407
367
384
393
356
367
356
373
354
394
348
349
358
311
390
340
437
592
317
97
6
0
0
0
0
0
0
0
0
0
0
0
0
0
0
0
0
0
0
0
0
0
0
0
0
0
0
0
0
0
0
0
0
0
0
0
0
0
0
0
0
0
0
0
0
0
0
0
0
0
0
0
0
0
0
0
0
0
0
0
0
0
0
0
0
0
0
0
0
0
0
0
0
0
0
0
0
0
0
0
0
0
0
0
0
0
0
0
0
0
0
0
0
0
0
0
0
0
0
0
0
