250326
0
0
0
0
0
0
0
5828
0
0
0
0
0
0
0
6488
0
0
0
0
0
0
0
6757
0
0
0
0
0
0
0
7046
0
0
0
0
0
0
0
7416
0
0
0
0
0
0
0
6918
0
0
0
0
0
0
0
6862
0
0
0
0
0
0
0
6950
0
0
0
0
0
0
0
7033
0
0
0
0
0
0
0
7104
0
0
0
0
0
0
0
7013
0
0
0
0
0
0
0
7025
0
0
0
0
0
0
0
6782
0
0
0
0
0
0
0
6436
0
0
0
0
0
0
0
6309
0
0
0
0
0
0
0
6006
0
0
0
0
0
0
0
5549
0
0
0
0
0
0
0
5038
0
0
0
0
0
0
0
4574
0
0
0
0
0
0
0
3846
0
0
0
0
0
0
0
3451
0
0
0
0
0
0
0
3184
0
0
0
0
0
0
0
2881
0
0
0
0
0
0
0
2782
0
0
0
0
0
0
0
2749
0
0
0
0
0
0
0
2959
0
0
0
0
0
0
0
2889
0
0
0
0
0
0
0
2885
0
0
0
0
0
0
0
2812
0
0
0
0
0
0
0
2498
0
0
0
0
0
0
0
2419
0
0
0
0
0
0
109585
