250173
0
0
0
0
0
0
0
5914
0
0
0
0
0
0
0
6313
0
0
0
0
0
0
0
6831
0
0
0
0
0
0
0
7035
0
0
0
0
0
0
0
7472
0
0
0
0
0
0
0
7035
0
0
0
0
0
0
0
6772
0
0
0
0
0
0
0
6826
0
0
0
0
0
0
0
7266
0
0
0
0
0
0
0
6964
0
0
0
0
0
0
0
7164
0
0
0
0
0
0
0
7093
0
0
0
0
0
0
0
6688
0
0
0
0
0
0
0
6398
0
0
0
0
0
0
0
6270
0
0
0
0
0
0
0
6010
0
0
0
0
0
0
0
5684
0
0
0
0
0
0
0
5104
0
0
0
0
0
0
0
4451
0
0
0
0
0
0
0
3905
0
0
0
0
0
0
0
3505
0
0
0
0
0
0
0
3164
0
0
0
0
0
0
0
2940
0
0
0
0
0
0
0
2709
0
0
0
0
0
0
0
2756
0
0
0
0
0
0
0
2915
0
0
0
0
0
0
0
2915
0
0
0
0
0
0
0
2853
0
0
0
0
0
0
0
2719
0
0
0
0
0
0
0
2561
0
0
0
0
0
0
0
2408
0
0
0
0
0
0
109587
