0
0
0
0
0
0
0
0
0
0
0
0
0
0
0
0
0
0
0
0
0
0
0
0
0
0
0
0
0
0
0
0
0
0
0
0
0
0
0
0
0
0
0
0
0
0
0
0
0
0
0
0
0
0
0
0
0
0
0
0
0
0
0
0
0
0
0
0
0
0
0
0
0
0
0
0
0
0
0
0
0
0
0
0
0
0
0
0
0
0
0
0
0
0
0
0
0
0
0
0
6
30
64
82
91
92
108
124
158
199
236
296
367
481
549
761
829
904
1013
1109
1110
1260
1277
1361
1328
1430
1440
1512
1429
1361
1379
1377
1244
1232
1285
1175
1176
1097
1151
1068
1086
1096
1129
1062
1154
1167
1244
1316
1331
1198
1172
1183
1170
1274
1373
1336
1373
1458
1584
1799
2078
2494
2736
3132
3451
3707
3762
3508
3333
3231
3709
4269
5022
5288
5534
5139
4798
4391
4126
4163
3999
3754
3620
3504
3476
3380
3155
3128
3084
3079
3042
3079
3032
3130
3179
3136
3218
3236
3120
3241
3096
3278
3151
3236
3295
3251
3496
3654
3706
3913
4038
4600
5300
5914
6313
6831
7035
7472
7035
6772
6826
7266
6964
7164
7093
6688
6398
6270
6010
5684
5104
4451
3905
3505
3164
2940
2709
2756
2915
2915
2853
2719
2561
2408
2269
2140
2186
2176
2206
1988
1953
1949
1970
1912
1847
86991
