0
0
0
0
0
0
0
0
0
0
0
0
0
0
0
0
0
0
0
0
0
0
0
0
0
0
0
0
0
0
0
0
0
0
0
0
0
0
0
0
0
0
0
0
0
0
0
0
0
0
0
0
0
0
0
0
0
0
0
0
0
0
0
0
0
0
0
0
0
0
0
0
0
0
0
0
0
0
0
0
0
0
0
0
0
0
0
0
0
0
0
0
0
0
0
0
0
0
0
0
17
46
48
69
92
105
120
140
175
210
238
302
389
477
586
759
836
898
1020
1083
1142
1201
1221
1329
1384
1430
1453
1446
1433
1430
1423
1272
1288
1232
1202
1210
1199
1115
1151
1080
1056
1080
1126
1107
1128
1140
1303
1294
1290
1175
1265
1157
1240
1291
1303
1388
1370
1434
1581
1788
2062
2514
2915
3063
3425
3660
3821
3551
3294
3304
3652
4406
5072
5230
5254
5155
4812
4337
4235
3997
4042
3779
3682
3488
3391
3368
3221
3043
3046
3162
3036
3131
2975
3048
3160
3254
3184
3137
3228
3105
3204
3146
3245
3367
3256
3339
3508
3641
3629
3848
4161
4614
5362
5828
6488
6757
7046
7416
6918
6862
6950
7033
7104
7013
7025
6782
6436
6309
6006
5549
5038
4574
3846
3451
3184
2881
2782
2749
2959
2889
2885
2812
2498
2419
2273
2206
2245
2114
2150
2038
2005
1927
1941
1880
1849
86957
