205210
3146
3245
3367
3256
3339
3508
3641
3629
3848
4161
4614
5362
5828
6488
6757
7046
7416
6918
6862
6950
7033
7104
7013
7025
6782
6436
6309
6006
5549
5038
4574
3846
3451
3184
2881
2782
2749
2959
2889
2885
2812
2498
2419
2273
2206
2245
2114
2150
2038
2005
1927
1941
1880
1849
1788
1672
1599
1576
1542
1527
1636
1578
1455
1422
1476
1502
1444
1413
1447
1397
1479
1393
1291
1352
1371
1344
1338
1281
1300
1314
1316
1290
1211
1189
1212
1185
1179
1124
1127
1079
1061
1103
1072
1049
1007
1016
1011
1008
906
959
956
912
922
909
874
835
795
796
679
717
649
642
640
609
587
590
538
516
509
474
458
447
423
444
388
368
370
367
387
379
402
350
360
362
392
376
387
395
345
364
397
364
379
414
350
389
355
338
443
375
384
438
256
110
11
0
0
0
0
0
0
0
0
0
0
0
0
0
0
0
0
0
0
0
0
0
0
0
0
0
0
0
0
0
0
0
0
0
0
0
0
0
0
0
0
0
0
0
0
0
0
0
0
0
0
0
0
0
0
0
0
0
0
0
0
0
0
0
0
0
0
0
0
0
0
0
0
0
0
0
0
0
0
0
0
0
0
0
0
0
0
0
0
0
0
0
0
0
0
0
0
0
0
0
0
