38 40 32
35 34 24
16 23 12
32 52 21
41 63 17
34 56 22
46 70 37
47 72 40
47 69 47
26 57 29
28 53 27
37 50 30
43 54 35
43 54 38
22 28 16
41 45 35
35 41 26
22 28 14
24 30 15
26 29 21
26 29 21
27 32 21
24 31 18
27 30 21
34 38 27
35 40 28
38 44 31
28 31 21
30 34 22
27 34 23
23 29 19
25 29 22
20 26 19
26 33 25
29 36 28
36 40 34
36 41 33
35 43 32
35 41 32
37 42 35
33 43 35
29 42 34
35 47 39
33 45 35
39 50 41
38 48 38
31 42 26
23 33 19
17 25 14
26 31 21
35 37 31
19 22 15
21 24 17
28 31 24
35 40 34
37 43 33
34 39 31
40 45 39
38 42 36
41 47 37
28 32 22
28 30 21
24 27 18
28 32 22
33 40 29
35 41 31
23 28 19
18 24 14
20 26 15
18 20 11
16 19 10
10 13 4
13 16 7
14 17 8
16 22 12
16 23 11
15 20 11
15 21 11
14 22 11
17 24 13
16 23 13
20 22 13
18 21 12
22 25 16
26 32 22
18 21 12
26 33 22
37 46 35
31 41 30
34 39 32
30 39 27
28 36 25
28 32 23
22 25 16
26 29 21
36 41 32
35 39 31
19 24 17
20 26 16
30 36 25
21 23 15
16 19 12
14 17 11
14 20 10
27 30 20
25 28 19
18 21 13
31 33 27
36 39 34
32 34 26
27 31 22
26 37 25
28 42 27
35 44 30
35 42 30
34 39 31
25 30 23
24 32 22
25 30 23
10 15 8
8 13 7
7 12 5
8 13 6
8 13 8
7 14 8
9 15 8
15 20 13
12 17 11
19 24 18
23 28 21
34 39 32
46 49 42
31 36 29
31 37 30
31 35 28
29 31 26
31 36 30
32 37 30
33 37 30
34 38 31
25 30 23
15 19 12
12 16 9
13 18 11
27 32 25
25 30 23
29 34 28
30 35 28
26 31 24
25 32 21
22 27 18
24 27 20
21 24 15
22 25 16
33 34 26
38 41 32
41 44 33
35 39 27
39 40 30
45 47 33
50 53 34
56 58 42
57 56 40
56 57 42
59 58 40
70 68 45
74 72 50
71 69 47
77 73 49
79 69 49
77 68 51
61 58 40
64 59 41
62 50 35
73 55 39
67 52 31
62 53 31
55 47 27
53 42 27
51 42 25
49 42 26
48 41 27
43 36 18
49 42 24
43 34 17
41 32 16
40 31 15
41 30 15
39 29 14
38 26 14
36 29 20
32 30 20
32 28 16
29 24 12
28 25 13
26 26 13
28 28 14
35 31 20
31 27 15
35 29 17
38 32 20
37 31 20
37 30 17
34 27 14
26 21 9
25 21 11
25 21 13
27 23 13
26 22 15
27 23 15
28 25 16
25 22 13
23 19 10
23 20 9
25 24 11
27 25 12
33 25 15
28 23 11
27 23 9
30 27 12
34 28 15
37 31 17
34 30 15
33 30 16
37 35 21
35 34 17
31 28 14
33 30 15
31 28 13
27 25 13
29 27 13
29 26 14
32 28 16
34 30 18
37 34 21
35 30 16
38 33 19
37 32 17
41 34 18
43 36 20
45 37 20
46 37 18
49 37 21
49 40 23
47 39 23
43 36 20
47 37 22
50 41 24
48 43 21
51 45 23
49 43 21
46 40 18
46 41 19
47 42 20
48 44 21
49 43 21
54 48 24
57 49 25
56 48 26
55 49 27
55 49 25
56 49 26
56 46 24
59 49 27
55 47 24
52 44 21
56 44 22
54 46 23
58 50 26
60 52 30
59 50 31
62 51 33
58 49 31
59 52 35
58 53 33
55 53 30
57 53 26
59 55 27
58 52 28
62 55 36
60 52 31
62 53 30
61 50 29
63 53 30
67 57 35
65 53 33
62 55 36
57 55 34
72 60 36
70 60 32
64 57 31
61 55 36
60 55 37
63 53 41
63 57 40
64 60 41
63 58 40
60 53 37
56 49 32
53 50 30
49 52 29
51 53 31
55 60 38
51 57 34
47 51 31
46 48 30
48 50 35
40 42 30
42 42 32
39 36 27
45 42 33
36 35 27
53 53 45
67 68 60
29 32 20
34 36 24
43 37 28
56 50 44
77 74 67
74 74 68
78 79 73
83 84 79
79 80 76
79 81 75
78 77 73
81 81 77
71 72 67
75 76 71
46 45 41
58 60 55
71 72 67
78 79 74
70 72 67
90 93 86
62 64 59
11 12 7
13 15 10
46 49 43
8 11 4
11 12 7
12 12 6
10 12 5
8 11 5
9 10 6
24 26 20
26 29 22
47 49 42
65 64 60
72 72 67
99 99 93
94 94 89
87 87 82
88 87 81
92 92 86
99 102 96
106 111 105
106 108 103
84 86 79
84 86 80
76 81 75
71 77 70
81 86 78
81 84 79
96 97 92
53 58 51
60 62 56
62 63 59
44 48 41
44 49 42
52 57 50
52 59 49
52 59 48
25 32 21
34 41 31
45 47 38
28 31 20
18 21 10
24 25 15
18 19 11
21 23 12
22 25 14
21 22 11
19 18 9
18 18 8
17 17 7
28 25 18
53 52 43
49 52 42
51 51 40
32 27 16
34 29 20
34 33 24
16 17 9
16 17 9
16 17 9
29 29 19
62 62 51
52 51 43
49 50 42
60 62 51
63 56 51
54 45 43
56 53 49
40 42 36
58 57 53
8 6 0
48 50 38
56 57 43
36 32 19
43 45 33
55 58 47
66 69 59
71 73 65
57 59 51
35 36 28
49 50 38
47 45 34
23 19 9
23 20 8
20 21 12
32 33 25
41 41 33
30 26 16
27 20 11
27 22 15
32 29 20
29 29 19
29 30 18
26 28 17
20 22 11
23 25 14
21 23 12
21 23 12
26 28 17
24 27 16
23 26 16
29 31 22
29 34 22
33 39 27
23 27 18
36 36 29
45 46 40
48 51 42
36 39 29
32 33 25
41 42 34
60 61 53
80 81 75
63 64 56
52 53 45
69 73 65
82 83 78
95 96 91
64 65 60
66 67 62
91 92 87
63 64 59
66 67 62
83 83 78
70 68 63
75 78 72
60 66 58
69 74 68
100 102 98
79 80 76
79 81 76
81 83 78
70 71 66
57 61 53
69 71 62
109 108 101
65 65 58
62 61 53
65 66 60
101 102 97
95 96 89
95 96 88
100 101 93
100 100 93
85 86 78
83 86 73
81 83 67
77 76 60
84 86 71
112 114 105
85 86 81
107 108 103
28 29 24
65 66 60
66 67 58
48 48 44
20 21 17
40 42 37
33 38 30
24 27 20
26 29 22
80 80 74
24 25 19
20 21 15
16 19 10
24 27 17
24 29 22
13 18 13
31 37 30
10 15 9
5 5 1
15 16 12
43 46 40
15 17 12
9 11 6
9 11 6
12 14 9
15 17 12
24 26 23
15 21 17
2 7 3
0 0 0
97 97 97
49 50 51
6 9 6
8 12 8
0 3 0
11 13 6
31 21 11
23 18 8
14 13 8
33 34 29
30 35 28
32 38 33
28 33 28
0 0 0
39 40 38
25 27 24
15 20 14
25 31 24
2 6 1
3 8 4
0 0 0
86 90 86
109 109 107