205 205 205
96 96 96
11 11 11
16 16 16
107 107 107
214 214 214
253 253 253
195 195 195
84 84 84
6 6 6
22 22 22
118 118 118
222 222 222
252 252 252
185 185 185
74 74 74
3 3 3
28 28 28
130 130 130
229 229 229
249 249 249
175 175 175
63 63 63
1 1 1
36 36 36
141 141 141
236 236 236
246 246 246
164 164 164
54 54 54
0 0 0
45 45 45
153 153 153
241 241 241
241 241 241
153 153 153
45 45 45
0 0 0
54 54 54
164 164 164
246 246 246
236 236 236
141 141 141
36 36 36
1 1 1
64 64 64
175 175 175
249 249 249
229 229 229
130 130 130
28 28 28
3 3 3
74 74 74
185 185 185
252 252 252
222 222 222
118 118 118
22 22 22
6 6 6
84 84 84
195 195 195
253 253 253
214 214 214
107 107 107
16 16 16
11 11 11
96 96 96
205 205 205
254 254 254
205 205 205
96 96 96
11 11 11
16 16 16
107 107 107
214 214 214
253 253 253
195 195 195
84 84 84
6 6 6
22 22 22
118 118 118
222 222 222
252 252 252
185 185 185
74 74 74
3 3 3
28 28 28
130 130 130
229 229 229
249 249 249
175 175 175
63 63 63
1 1 1
36 36 36
141 141 141
236 236 236
246 246 246
164 164 164
54 54 54
0 0 0
45 45 45
153 153 153
241 241 241
241 241 241
153 153 153
45 45 45
0 0 0
54 54 54
164 164 164
246 246 246
236 236 236
141 141 141
36 36 36
1 1 1
64 64 64
175 175 175
249 249 249
229 229 229
130 130 130
28 28 28
3 3 3
74 74 74
185 185 185
252 252 252
222 222 222
118 118 118
22 22 22
6 6 6
84 84 84
195 195 195
253 253 253
214 214 214
107 107 107
16 16 16
11 11 11
96 96 96
205 205 205
254 254 254
205 205 205
96 96 96
11 11 11
16 16 16
107 107 107
214 214 214
253 253 253
195 195 195
84 84 84
6 6 6
22 22 22
118 118 118
222 222 222
252 252 252
185 185 185
74 74 74
3 3 3
28 28 28
130 130 130
229 229 229
249 249 249
175 175 175
64 64 64
1 1 1
36 36 36
141 141 141
236 236 236
246 246 246
164 164 164
54 54 54
0 0 0
45 45 45
153 153 153
241 241 241
241 241 241
153 153 153
45 45 45
0 0 0
54 54 54
164 164 164
246 246 246
236 236 236
141 141 141
36 36 36
1 1 1
64 64 64
175 175 175
249 249 249
229 229 229
130 130 130
28 28 28
3 3 3
74 74 74
185 185 185
252 252 252
222 222 222
118 118 118
22 22 22
6 6 6
84 84 84
195 195 195
253 253 253
214 214 214
107 107 107
16 16 16
11 11 11
96 96 96
205 205 205
254 254 254
205 205 205
96 96 96
11 11 11
16 16 16
107 107 107
214 214 214
253 253 253
195 195 195
84 84 84
6 6 6
22 22 22
118 118 118
222 222 222
252 252 252
185 185 185
74 74 74
3 3 3
28 28 28
130 130 130
229 229 229
249 249 249
175 175 175
63 63 63
1 1 1
36 36 36
141 141 141
236 236 236
246 246 246
164 164 164
54 54 54
0 0 0
45 45 45
153 153 153
241 241 241
241 241 241
153 153 153
45 45 45
0 0 0
54 54 54
164 164 164
246 246 246
236 236 236
141 141 141
36 36 36
1 1 1
64 64 64
175 175 175
249 249 249
229 229 229
130 130 130
28 28 28
3 3 3
74 74 74
185 185 185
252 252 252
222 222 222
118 118 118
22 22 22
6 6 6
84 84 84
195 195 195
253 253 253
214 214 214
107 107 107
16 16 16
11 11 11
96 96 96
205 205 205
254 254 254
205 205 205
96 96 96
11 11 11
16 16 16
107 107 107
214 214 214
253 253 253
195 195 195
84 84 84
6 6 6
22 22 22
118 118 118
222 222 222
252 252 252
185 185 185
74 74 74
3 3 3
28 28 28
130 130 130
229 229 229
249 249 249
175 175 175
64 64 64
1 1 1
36 36 36
141 141 141
236 236 236
246 246 246
164 164 164
54 54 54
0 0 0
45 45 45
153 153 153
241 241 241
241 241 241
153 153 153
45 45 45
0 0 0
54 54 54
164 164 164
246 246 246
236 236 236
141 141 141
36 36 36
1 1 1
63 63 63
175 175 175
249 249 249
229 229 229
130 130 130
28 28 28
3 3 3
74 74 74
185 185 185
252 252 252
222 222 222
118 118 118
22 22 22
6 6 6
84 84 84
195 195 195
253 253 253
214 214 214
107 107 107
16 16 16
11 11 11
96 96 96
205 205 205
254 254 254
205 205 205
96 96 96
11 11 11
16 16 16
107 107 107
214 214 214
253 253 253
195 195 195
84 84 84
6 6 6
22 22 22
118 118 118
222 222 222
252 252 252
185 185 185
74 74 74
3 3 3
28 28 28
130 130 130
229 229 229
249 249 249
175 175 175
63 63 63
1 1 1
36 36 36
141 141 141
236 236 236
246 246 246
164 164 164
54 54 54
0 0 0
45 45 45
153 153 153
241 241 241
241 241 241
153 153 153
45 45 45
0 0 0
54 54 54
164 164 164
246 246 246
236 236 236
141 141 141
36 36 36
1 1 1
64 64 64
175 175 175
249 249 249
229 229 229
130 130 130
28 28 28
3 3 3
74 74 74
185 185 185
252 252 252
222 222 222
118 118 118
22 22 22
6 6 6
84 84 84
195 195 195
253 253 253
214 214 214
107 107 107
16 16 16
11 11 11
96 96 96
205 205 205
254 254 254
205 205 205
96 96 96
11 11 11
16 16 16
107 107 107
214 214 214
253 253 253
195 195 195
84 84 84
6 6 6
22 22 22
118 118 118
222 222 222
252 252 252
185 185 185
74 74 74
3 3 3
28 28 28
130 130 130
229 229 229
249 249 249
175 175 175
63 63 63
1 1 1
36 36 36
141 141 141
236 236 236
246 246 246
164 164 164
54 54 54
0 0 0
45 45 45
153 153 153
241 241 241
241 241 241
153 153 153
45 45 45
0 0 0
54 54 54
164 164 164
246 246 246
236 236 236
141 141 141
36 36 36
1 1 1
64 64 64
175 175 175
249 249 249
229 229 229
130 130 130
28 28 28
3 3 3
74 74 74
185 185 185
252 252 252
222 222 222
118 118 118
22 22 22
6 6 6
84 84 84
195 195 195
253 253 253
214 214 214
107 107 107
16 16 16
11 11 11