196 196 196
75 75 75
1 1 1
43 43 43
161 161 161
248 248 248
224 224 224
111 111 111
13 13 13
19 19 19
124 124 124
232 232 232
244 244 244
149 149 149
34 34 34
4 4 4
87 87 87
206 206 206
253 253 253
185 185 185
64 64 64
0 0 0
53 53 53
173 173 173
251 251 251
216 216 216
99 99 99
8 8 8
26 26 26
136 136 136
239 239 239
239 239 239
136 136 136
26 26 26
8 8 8
99 99 99
216 216 216
251 251 251
173 173 173
53 53 53
0 0 0
63 63 63
185 185 185
253 253 253
206 206 206
87 87 87
4 4 4
34 34 34
149 149 149
244 244 244
232 232 232
124 124 124
19 19 19
13 13 13
111 111 111
224 224 224
248 248 248
161 161 161
43 43 43
1 1 1
75 75 75
196 196 196
254 254 254
196 196 196
75 75 75
1 1 1
43 43 43
161 161 161
248 248 248
224 224 224
111 111 111
13 13 13
19 19 19
124 124 124
232 232 232
244 244 244
149 149 149
34 34 34
4 4 4
87 87 87
206 206 206
253 253 253
185 185 185
64 64 64
0 0 0
53 53 53
173 173 173
251 251 251
216 216 216
99 99 99
8 8 8
26 26 26
136 136 136
239 239 239
239 239 239
136 136 136
26 26 26
8 8 8
99 99 99
216 216 216
251 251 251
173 173 173
53 53 53
0 0 0
63 63 63
185 185 185
253 253 253
206 206 206
87 87 87
4 4 4
34 34 34
149 149 149
244 244 244
232 232 232
124 124 124
19 19 19
13 13 13
111 111 111
224 224 224
248 248 248
161 161 161
43 43 43
1 1 1
75 75 75
196 196 196
254 254 254
196 196 196
75 75 75
1 1 1
43 43 43
161 161 161
248 248 248
224 224 224
111 111 111
13 13 13
19 19 19
124 124 124
232 232 232
244 244 244
149 149 149
34 34 34
4 4 4
87 87 87
206 206 206
253 253 253
185 185 185
64 64 64
0 0 0
53 53 53
173 173 173
251 251 251
216 216 216
99 99 99
8 8 8
26 26 26
136 136 136
239 239 239
239 239 239
136 136 136
26 26 26
8 8 8
99 99 99
216 216 216
251 251 251
173 173 173
53 53 53
0 0 0
63 63 63
185 185 185
253 253 253
206 206 206
87 87 87
4 4 4
34 34 34
149 149 149
244 244 244
232 232 232
124 124 124
19 19 19
13 13 13
111 111 111
224 224 224
248 248 248
161 161 161
43 43 43
1 1 1
75 75 75
196 196 196
254 254 254
196 196 196
75 75 75
1 1 1
43 43 43
161 161 161
248 248 248
224 224 224
111 111 111
13 13 13
19 19 19
124 124 124
232 232 232
244 244 244
149 149 149
34 34 34
4 4 4
87 87 87
206 206 206
253 253 253
185 185 185
64 64 64
0 0 0
53 53 53
173 173 173
251 251 251
216 216 216
99 99 99
8 8 8
26 26 26
136 136 136
239 239 239
239 239 239
136 136 136
26 26 26
8 8 8
99 99 99
216 216 216
251 251 251
173 173 173
53 53 53
0 0 0
63 63 63
185 185 185
253 253 253
206 206 206
87 87 87
4 4 4
34 34 34
149 149 149
244 244 244
232 232 232
124 124 124
19 19 19
13 13 13
111 111 111
224 224 224
248 248 248
161 161 161
43 43 43
1 1 1
75 75 75
196 196 196
254 254 254
196 196 196
75 75 75
1 1 1
43 43 43
161 161 161
248 248 248
224 224 224
111 111 111
13 13 13
19 19 19
124 124 124
232 232 232
244 244 244
149 149 149
34 34 34
4 4 4
87 87 87
206 206 206
253 253 253
185 185 185
64 64 64
0 0 0
53 53 53
173 173 173
251 251 251
216 216 216
99 99 99
8 8 8
26 26 26
136 136 136
239 239 239
239 239 239
136 136 136
26 26 26
8 8 8
99 99 99
216 216 216
251 251 251
173 173 173
53 53 53
0 0 0
63 63 63
185 185 185
253 253 253
206 206 206
87 87 87
4 4 4
34 34 34
149 149 149
244 244 244
232 232 232
124 124 124
19 19 19
13 13 13
111 111 111
224 224 224
248 248 248
161 161 161
43 43 43
1 1 1
75 75 75
196 196 196
254 254 254
196 196 196
75 75 75
1 1 1
43 43 43
161 161 161
248 248 248
224 224 224
111 111 111
13 13 13
19 19 19
124 124 124
232 232 232
244 244 244
149 149 149
34 34 34
4 4 4
87 87 87
206 206 206
253 253 253
185 185 185
64 64 64
0 0 0
53 53 53
173 173 173
251 251 251
216 216 216
99 99 99
8 8 8
26 26 26
136 136 136
239 239 239
239 239 239
136 136 136
26 26 26
8 8 8
99 99 99
216 216 216
251 251 251
173 173 173
53 53 53
0 0 0
63 63 63
185 185 185
253 253 253
206 206 206
87 87 87
4 4 4
34 34 34
149 149 149
244 244 244
232 232 232
124 124 124
19 19 19
13 13 13
111 111 111
224 224 224
248 248 248
161 161 161
43 43 43
1 1 1
75 75 75
196 196 196
254 254 254
196 196 196
75 75 75
1 1 1
43 43 43
161 161 161
248 248 248
224 224 224
111 111 111
13 13 13
19 19 19
124 124 124
232 232 232
244 244 244
149 149 149
34 34 34
4 4 4
87 87 87
206 206 206
253 253 253
185 185 185
64 64 64
0 0 0
53 53 53
173 173 173
251 251 251
216 216 216
99 99 99
8 8 8
26 26 26
136 136 136
239 239 239
239 239 239
136 136 136
26 26 26
8 8 8
99 99 99
216 216 216
251 251 251
173 173 173
53 53 53
0 0 0
63 63 63
185 185 185
253 253 253
206 206 206
87 87 87
4 4 4
34 34 34
149 149 149
244 244 244
232 232 232
124 124 124
19 19 19
13 13 13
111 111 111
224 224 224
248 248 248
161 161 161
43 43 43
1 1 1
75 75 75
196 196 196
254 254 254
196 196 196
75 75 75
1 1 1
43 43 43
161 161 161
248 248 248
224 224 224
111 111 111
13 13 13
19 19 19
124 124 124
232 232 232
244 244 244
149 149 149
34 34 34
4 4 4
87 87 87
206 206 206
253 253 253
185 185 185
64 64 64
0 0 0
53 53 53
173 173 173
251 251 251
216 216 216
99 99 99
8 8 8
26 26 26
136 136 136
239 239 239
239 239 239
136 136 136
26 26 26
8 8 8
99 99 99
216 216 216
251 251 251
173 173 173
53 53 53
0 0 0
63 63 63
185 185 185
253 253 253
206 206 206
87 87 87
4 4 4
34 34 34
149 149 149
244 244 244
232 232 232
124 124 124
19 19 19
13 13 13
111 111 111
224 224 224
248 248 248
161 161 161
43 43 43
1 1 1
75 75 75
196 196 196
254 254 254
196 196 196
75 75 75
1 1 1
43 43 43
161 161 161
248 248 248
224 224 224
111 111 111
13 13 13
19 19 19
124 124 124
232 232 232
244 244 244
149 149 149
34 34 34
4 4 4
87 87 87
206 206 206
253 253 253
185 185 185
64 64 64
0 0 0
53 53 53
173 173 173
251 251 251
216 216 216
99 99 99
8 8 8
26 26 26
136 136 136
239 239 239
239 239 239
136 136 136
26 26 26
8 8 8
99 99 99
216 216 216
251 251 251
173 173 173
53 53 53
0 0 0
63 63 63
185 185 185
253 253 253
206 206 206
87 87 87
4 4 4
34 34 34
149 149 149
244 244 244
232 232 232
124 124 124
19 19 19
13 13 13
111 111 111
224 224 224
248 248 248
161 161 161
43 43 43
1 1 1
75 75 75
196 196 196
254 254 254
196 196 196
75 75 75
1 1 1
43 43 43
161 161 161
248 248 248
224 224 224
111 111 111
13 13 13
19 19 19
124 124 124
232 232 232
244 244 244
149 149 149
34 34 34
4 4 4
87 87 87
206 206 206
253 253 253
185 185 185
64 64 64
0 0 0
53 53 53
173 173 173
251 251 251
216 216 216
99 99 99
8 8 8
26 26 26
136 136 136
239 239 239
239 239 239
136 136 136
26 26 26
8 8 8
99 99 99
216 216 216
251 251 251
173 173 173
53 53 53
0 0 0
63 63 63
185 185 185
253 253 253
206 206 206
87 87 87
4 4 4
34 34 34
149 149 149
244 244 244
232 232 232
124 124 124
19 19 19
13 13 13
111 111 111
224 224 224
248 248 248
161 161 161
43 43 43
1 1 1
75 75 75
196 196 196
254 254 254
196 196 196
75 75 75
1 1 1
43 43 43
161 161 161
248 248 248
224 224 224
111 111 111
13 13 13
19 19 19